lastAccountName: TheTakeCakes
timestamps:
  login: 1592388042360
  logout: 1592388044793
ipAddress: 37.79.26.203
logoutlocation:
  world: world
  x: -342.59494911424366
  y: 63.0
  z: 246.3661891261728
  yaw: -46.0
  pitch: 17.0
