lastAccountName: BadGamerXD
timestamps:
  login: 1592332922208
  logout: 1592332927596
ipAddress: 94.51.149.201
logoutlocation:
  world: world
  x: -342.00878331844507
  y: 63.0
  z: 246.89281314170105
  yaw: -49.75
  pitch: 16.55
