lastAccountName: HeHoPMaJIbHa9I
timestamps:
  login: 1592399805124
ipAddress: 145.255.160.46
logoutlocation:
  world: world
  x: -356.4775491227572
  y: 65.0
  z: 264.330649883633
  yaw: -29.949799
  pitch: 7.2500153
