logoutlocation:
  world: world
  x: -342.5949491988376
  y: 70.40736176158089
  z: 246.3661890444888
  yaw: -28.449993
  pitch: 89.85
lastAccountName: Ufututuru
timestamps:
  login: 1592401990820
  logout: 1592402117215
  kits:
    premium: 1592242038136
    start: 1592399598268
    notch: 1592171598294
    designer: 1592242006557
    tools: 1592171592432
    plus: 1592249066792
  lastteleport: 1592399922884
  lastheal: 1592206500678
ipAddress: 77.222.114.158
afk: false
homes:
  home:
    world: world
    x: -1997.4378840180216
    y: 17.0
    z: 283.5261081888733
    yaw: -174.4043
    pitch: 55.34994
powertools: {}
socialspy: true
lastlocation:
  world: world
  x: -314.9896113490587
  y: 73.02423528007596
  z: 293.39708032977245
  yaw: -251.94946
  pitch: 21.599966
teleportenabled: true
money: '1'
godmode: false
