lastAccountName: Stiv_23
timestamps:
  login: 1592324193020
  logout: 1592324439874
ipAddress: 213.87.148.66
logoutlocation:
  world: world
  x: -323.30000001192093
  y: 64.0
  z: 239.30000001192093
  yaw: 19.747742
  pitch: -0.6966252
