lastAccountName: Vladus00
timestamps:
  login: 1592327703310
  kits:
    start: 1592327758763
  logout: 1592327855829
ipAddress: 178.93.225.121
logoutlocation:
  world: world
  x: -337.43275940193706
  y: 64.0
  z: 256.0853188682781
  yaw: -182.29993
  pitch: 46.905663
