lastAccountName: pacha_Killer
timestamps:
  login: 1592336938429
  logout: 1592336998139
ipAddress: 46.53.176.54
logoutlocation:
  world: world
  x: -329.31860437862986
  y: 64.0
  z: 244.4181758648471
  yaw: -272.50003
  pitch: 10.250003
