lastAccountName: Grant
timestamps:
  login: 1592400814793
  logout: 1592399895577
  lastteleport: 1592399887581
ipAddress: 92.43.191.56
logoutlocation:
  world: world
  x: -353.3193421710569
  y: 64.0
  z: 249.73075059170293
  yaw: -67.89901
  pitch: -87.45
lastlocation:
  world: world
  x: -349.2092435640928
  y: 81.28255758600079
  z: 249.10327996056498
  yaw: 316.0998
  pitch: 45.350006
afk: false
homes:
  home:
    world: world
    x: -370.9772099901253
    y: 69.0
    z: 476.82784147778915
    yaw: -276.70312
    pitch: 19.049885
