lastAccountName: Grant
timestamps:
  login: 1592305547789
  logout: 1592302746510
ipAddress: 127.0.0.1
logoutlocation:
  world: world
  x: -216.762724523975
  y: 66.0
  z: 202.36645071599463
  yaw: -79.95575
  pitch: 18.14997
lastlocation:
  world: world
  x: -208.45417035059862
  y: 61.309374984465535
  z: 186.63691649056273
  yaw: -288.7498
  pitch: 17.550016
