lastAccountName: Grant
timestamps:
  login: 1592418802502
  logout: 1592414458170
  lastteleport: 1592399887581
  kits:
    start: 1592411162985
ipAddress: 127.0.0.1
logoutlocation:
  world: world
  x: -305.3630862979566
  y: 64.0
  z: 212.69999998807907
  yaw: -156.24956
  pitch: 52.40002
lastlocation:
  world: world
  x: -349.2092435640928
  y: 81.28255758600079
  z: 249.10327996056498
  yaw: 316.0998
  pitch: 45.350006
afk: false
homes:
  home:
    world: world
    x: -370.9772099901253
    y: 69.0
    z: 476.82784147778915
    yaw: -276.70312
    pitch: 19.049885
