lastAccountName: Grant
timestamps:
  login: 1592307451687
  logout: 1592307453118
ipAddress: 127.0.0.1
logoutlocation:
  world: world
  x: -169.8436595114045
  y: 66.0
  z: 202.71874268755312
  yaw: -245.84996
  pitch: 17.70001
lastlocation:
  world: world
  x: -208.45417035059862
  y: 61.309374984465535
  z: 186.63691649056273
  yaw: -288.7498
  pitch: 17.550016
