jails: 
  12: 
    world: world
    x: 17.42156138484153
    y: 80.28942373691743
    z: 337.8713596812307
    yaw: 32.697247
    pitch: 55.499977
