spawns: 
  default: 
    world: world
    x: -34.74950798656701
    y: 71.0
    z: 478.0391892435866
    yaw: 236.90048
    pitch: 10.800034
