world: world
x: -2017.4801275435786
y: 17.0
z: 286.34223810991097
yaw: -91.25879
pitch: 7.2000437
name: End
